Value: laplaceData
State: fulfilled

{
  "name": "L-shaped, u = x²",
  "description": "Laplace equation on L-shaped domain with Dirichlet BC u(z) = x²",
  "vertices": [
    [
      0,
      0
    ],
    [
      2,
      0
    ],
    [
      2,
      1
    ],
    [
      1,
      1
    ],
    [
      1,
      2
    ],
    [
      0,
      2
    ]
  ],
  "poles": [
    [
      -2.971077412145822,
      1.9734496671566955
    ],
    [
      -1.053536561719046,
      0.5304468159281943
    ],
    [
      -1.122853037220993,
      1.3121650333027857
    ],
    [
      -0.681235326691809,
      -0.12143625126979614
    ],
    [
      0.6052142599898596,
      -0.9158245500818023
    ],
    [
      -0.06178597611075138,
      -0.6599332852553434
    ],
    [
      -0.8418126678322454,
      2.0357852653711657
    ],
    [
      1.3269365242353104,
      -0.909806423260576
    ],
    [
      1.9629232349892418,
      -0.665348179450969
    ],
    [
      -0.2865924486751623,
      2.5476992397175593
    ],
    [
      0.32833822629111487,
      2.800058328372449
    ],
    [
      2.4472229338016436,
      -0.18485617361586446
    ],
    [
      2.710924245387393,
      0.3722401101286806
    ],
    [
      2.6611891978107667,
      0.9645887196636765
    ],
    [
      0.9447355716864223,
      2.6977282775258646
    ],
    [
      -0.016906508313929255,
      -0.02163646603156344
    ],
    [
      0.0017767223801304357,
      -0.004176723372316408
    ],
    [
      2.2349910388032805,
      1.5244575655783013
    ],
    [
      1.535710369871506,
      2.2139515321328673
    ],
    [
      2.0237638106267064,
      -0.022973343997585757
    ],
    [
      2.000150203495057,
      -0.00017774638046539996
    ],
    [
      2.037719670686004,
      1.0486284010705316
    ],
    [
      2.0066271238422617,
      1.0110154112906624
    ],
    [
      -0.03267612430638241,
      2.0331004150750256
    ],
    [
      -0.004677998143011698,
      2.004453850922907
    ],
    [
      1.458986076965517,
      1.440787662686165
    ],
    [
      1.081018876099841,
      2.0313400150033845
    ],
    [
      1.0220135122739102,
      2.017397395915498
    ],
    [
      0.9999759649405902,
      2.0001043697005483
    ],
    [
      1.3467258562387108,
      1.3293519018080295
    ],
    [
      1.2691130339646102,
      1.2762398100277854
    ],
    [
      1.2010420610531298,
      1.2075286870614181
    ],
    [
      1.1445287113649447,
      1.1467925148005036
    ],
    [
      1.1027566149816233,
      1.1018488007697376
    ],
    [
      1.0723833622764924,
      1.069381464635767
    ],
    [
      1.0496523613214703,
      1.0462781561213736
    ],
    [
      1.0325757534476936,
      1.0300160698589615
    ],
    [
      1.0198356435085025,
      1.0184237353668788
    ],
    [
      1.0025241453054072,
      1.0023698770000935
    ],
    [
      1.0102400158837062,
      1.0096489711093322
    ]
  ],
  "allPoles": [
    [
      -2.971077412145822,
      1.9734496671566955
    ],
    [
      -1.053536561719046,
      0.5304468159281943
    ],
    [
      -1.122853037220993,
      1.3121650333027857
    ],
    [
      -0.681235326691809,
      -0.12143625126979614
    ],
    [
      0.6052142599898596,
      -0.9158245500818023
    ],
    [
      -0.06178597611075138,
      -0.6599332852553434
    ],
    [
      -0.8418126678322454,
      2.0357852653711657
    ],
    [
      1.3269365242353104,
      -0.909806423260576
    ],
    [
      1.9629232349892418,
      -0.665348179450969
    ],
    [
      -0.2865924486751623,
      2.5476992397175593
    ],
    [
      0.32833822629111487,
      2.800058328372449
    ],
    [
      2.4472229338016436,
      -0.18485617361586446
    ],
    [
      2.710924245387393,
      0.3722401101286806
    ],
    [
      2.6611891978107667,
      0.9645887196636765
    ],
    [
      0.9447355716864223,
      2.6977282775258646
    ],
    [
      -0.016906508313929255,
      -0.02163646603156344
    ],
    [
      0.0017767223801304357,
      -0.004176723372316408
    ],
    [
      0.0070785926142447626,
      0.003558412257887044
    ],
    [
      0.013157644316346246,
      0.01083047952384618
    ],
    [
      0.021618467840424295,
      0.02050037359179819
    ],
    [
      0.033270524993393155,
      0.032935285026919406
    ],
    [
      0.0496146026067042,
      0.04943041464749883
    ],
    [
      0.07279329864240773,
      0.07251794281655798
    ],
    [
      0.15031666772088897,
      0.15084201991316312
    ],
    [
      0.20868555665636476,
      0.20992529465440704
    ],
    [
      2.2349910388032805,
      1.5244575655783013
    ],
    [
      1.535710369871506,
      2.2139515321328673
    ],
    [
      0.384955727155391,
      0.37944146700451703
    ],
    [
      2.0237638106267064,
      -0.022973343997585757
    ],
    [
      2.000150203495057,
      -0.00017774638046539996
    ],
    [
      1.9920228538609333,
      0.007988593956009012
    ],
    [
      1.9834774210341883,
 
...[truncated]